                           dada2_input filtered dada_f dada_r merged nonchim
3-1-B-0-2                       117478    94856  92466  90393  88598   60181
3-1-B-1-2                       165023   136277 128968 125050 119429   73958
3-1-B-180                        58799    45413  42935  42139  40589   30912
3-1-B-20                         91913    75223  57417  53170  42618   24952
3-1-B-5                          86171    70838  63935  60014  55891   40028
3-1-B-500                         7034     5394   4987   4729   4627    4292
3-1-B-53                         79193    61574  56155  54839  51129   40797
3-1-B-PCR-control-5-April        12354     8578   8534   8470   8451    8444
3-1-DNA-control-8-Jan           205313   162817 162255 157831 157341  130482
3-1-S-0-2                        89530    71461  68437  65520  63188   37085
3-1-S-1-2                        94913    78985  73664  69394  65450   35463
3-1-S-180                       198819   162976 157017 152762 148228   92014
3-1-S-20                        148621   122150 115922 108460 104019   72559
3-1-S-5                          66190    54336  49907  45257  42064   20578
3-1-S-PCR-control-21-April      105000    79712  79464  78799  78577   70203
3-2-B-0-2                       175532   151269 146735 139560 136456   84695
3-2-B-1-2                        37743    32014  28890  25899  23912   13680
3-2-B-180                        72136    52706  50997  49738  48737   37570
3-2-B-20                         91763    74614  66363  61529  56626   42835
3-2-B-5                          93080    76317  70201  67387  63609   50377
3-2-B-500                        99327    77649  70862  65732  61711   40617
3-2-B-53                         67238    48798  46129  44868  43330   34686
3-2-DNA-control-11-Dec          121624    94007  93691  92652  92412   77963
3-2-S-0-2                        78667    54738  52142  42859  41431   25277
3-2-S-1-2                        98618    82120  77206  69888  66244   36083
3-2-S-180                        98483    77846  74288  70919  68278   42892
3-2-S-20                        106898    85661  80654  77004  73600   48730
3-2-S-5                         112222    90952  85037  79599  75388   47398
3-2-S-500                       156635   123864 118057 112353 107951   63473
3-2-S-53                         58179    45527  43908  42441  41400   29578
3-3-B-0-2                        62198    45238  41322  38264  36009   22470
3-3-B-1-2                        42315    36684  32278  27856  25041   13816
3-3-B-180                        17996     8371   6153   3025   2766    2135
3-3-B-20                        160830   133419 116609 107327  96687   66372
3-3-B-5                          68848    56815  49515  43942  39665   25935
3-3-B-500                       124786   107503  98686  90039  84458   56935
3-3-B-53                         72695    60677  50436  42815  37933   27414
3-3-DNA-control-10-Jan          208400   170590 165447 157764 154102  116835
3-3-S-0-2                       131500   114901 111493 104533 101865   60653
3-3-S-1-2                        72977    60564  57663  53179  51047   33368
3-3-S-180                       132756   110781 106519 102234  99014   67750
3-3-S-20                         71654    59287  55684  51772  49248   31655
3-3-S-5                             61       14      4      4      3       0
3-3-S-500                        86615    71236  68170  64712  62428   41515
3-3-S-53                         69395    57025  55211  53113  51767   38427
4-3-B-0-2                       152328   127840 120039 109563 104645   58506
4-3-B-1-2                       126720   104913  97193  89817  84277   49459
4-3-B-180                        71245    59817  56617  53652  51223   25992
4-3-B-20                        101559    83334  78298  73278  69812   45049
4-3-B-5                          77730    64011  58488  52515  48847   29431
4-3-B-500                        57670    48007  45457  41799  39908   18641
4-3-B-53                        111292    91507  86315  81341  77660   47215
4-3-DNA-control-13-Jan          142500   109786 109400 108187 107838   90425
4-3-O-0-2                          172       33     22     12     12       4
4-3-O-1-2                       180976   143012 136334 126825 121579   66291
4-3-O-180                       108236    87475  85471  82675  81122   55035
4-3-O-20                        221494   182390 179608 173871 171565  126951
4-3-O-5                         123800    99748  94315  87428  83373   49953
4-3-O-500                        57698    43303  41683  39782  38618   26790
4-3-O-53                        116725    95614  93987  91037  89775   69442
4-3-S-0-2                        59412    40714  40589  40378  40292   36870
4-3-S-1-2                        81763    61750  59579  56179  54574   33287
4-3-S-180                       174125   142816 139700 134012 131584   81901
4-3-S-20                        159188   128150 122857 116365 112290   67860
4-3-S-500                       109204    87292  84684  81268  79238   51581
4-3-S-53                        102470    79408  77460  75205  73739   55602
5-1-B-0-2                          143       39     23     12      9       9
5-1-B-1-2                          170       31      8      6      2       2
5-1-B-180                           12        3      1      1      0       0
5-1-B-20                             7        4      2      3      2       2
5-1-B-5                            156       23      4     15      4       4
5-1-B-500                           26        9      7      8      7       7
5-1-B-53                            14        3      2      1      0       0
5-1-S-0-2                           25       10      6      5      4       4
5-1-S-1-2                       151357   126805 123203 115222 112396   65179
5-1-S-180                       105382    86296  84553  81775  80441   55375
5-1-S-20                         54061    43166  41274  37454  36271   24567
5-1-S-5                          51022    41594  39973  37484  36317   22715
5-1-S-500                        69661    56412  54836  52281  51101   34751
5-1-S-53                         59227    47579  46292  44273  43408   32813
5-5-B-0-2                       138121   118678 111831 102920  98073   50124
5-5-B-1-2                       237081   195774 187140 177193 170580  107189
5-5-B-180                       261723   197689 190652 183651 178201  119502
5-5-B-5                         304399   246313 233716 219953 210851  142476
5-5-B-500                       150296   127030 122481 116443 112999   83337
5-5-B-53                        230914   183518 180191 173460 170856  134055
5-5-S-0-2                       202899   175385 169031 159075 153878   84661
5-5-S-1-2                        88984    72647  69002  64273  61441   34205
5-5-S-180                        44026    35460  34193  32839  31934   21147
5-5-S-20                         79712    63143  60661  58276  56320   39012
5-5-S-5                         113337    91664  88272  84184  81515   55982
5-5-S-500                       260550   211252 205673 200853 196026  123019
5-5-S-53                         50672    37512  36004  34627  33533   24245
generous-donor                   86645    66697  66597  66398  66332   60538
Mock-Even                       204591   153595 151917 150519 148945   76671
Mock-Staggered                  346607   265838 264827 262278 261356  129752
                           non_chimeric_reads_pct final_perc_reads_retained
3-1-B-0-2                                    67.9                      51.2
3-1-B-1-2                                    61.9                      44.8
3-1-B-180                                    76.2                      52.6
3-1-B-20                                     58.5                      27.1
3-1-B-5                                      71.6                      46.5
3-1-B-500                                    92.8                      61.0
3-1-B-53                                     79.8                      51.5
3-1-B-PCR-control-5-April                    99.9                      68.4
3-1-DNA-control-8-Jan                        82.9                      63.6
3-1-S-0-2                                    58.7                      41.4
3-1-S-1-2                                    54.2                      37.4
3-1-S-180                                    62.1                      46.3
3-1-S-20                                     69.8                      48.8
3-1-S-5                                      48.9                      31.1
3-1-S-PCR-control-21-April                   89.3                      66.9
3-2-B-0-2                                    62.1                      48.3
3-2-B-1-2                                    57.2                      36.2
3-2-B-180                                    77.1                      52.1
3-2-B-20                                     75.6                      46.7
3-2-B-5                                      79.2                      54.1
3-2-B-500                                    65.8                      40.9
3-2-B-53                                     80.1                      51.6
3-2-DNA-control-11-Dec                       84.4                      64.1
3-2-S-0-2                                    61.0                      32.1
3-2-S-1-2                                    54.5                      36.6
3-2-S-180                                    62.8                      43.6
3-2-S-20                                     66.2                      45.6
3-2-S-5                                      62.9                      42.2
3-2-S-500                                    58.8                      40.5
3-2-S-53                                     71.4                      50.8
3-3-B-0-2                                    62.4                      36.1
3-3-B-1-2                                    55.2                      32.7
3-3-B-180                                    77.2                      11.9
3-3-B-20                                     68.6                      41.3
3-3-B-5                                      65.4                      37.7
3-3-B-500                                    67.4                      45.6
3-3-B-53                                     72.3                      37.7
3-3-DNA-control-10-Jan                       75.8                      56.1
3-3-S-0-2                                    59.5                      46.1
3-3-S-1-2                                    65.4                      45.7
3-3-S-180                                    68.4                      51.0
3-3-S-20                                     64.3                      44.2
3-3-S-5                                       0.0                       0.0
3-3-S-500                                    66.5                      47.9
3-3-S-53                                     74.2                      55.4
4-3-B-0-2                                    55.9                      38.4
4-3-B-1-2                                    58.7                      39.0
4-3-B-180                                    50.7                      36.5
4-3-B-20                                     64.5                      44.4
4-3-B-5                                      60.3                      37.9
4-3-B-500                                    46.7                      32.3
4-3-B-53                                     60.8                      42.4
4-3-DNA-control-13-Jan                       83.9                      63.5
4-3-O-0-2                                    33.3                       2.3
4-3-O-1-2                                    54.5                      36.6
4-3-O-180                                    67.8                      50.8
4-3-O-20                                     74.0                      57.3
4-3-O-5                                      59.9                      40.3
4-3-O-500                                    69.4                      46.4
4-3-O-53                                     77.4                      59.5
4-3-S-0-2                                    91.5                      62.1
4-3-S-1-2                                    61.0                      40.7
4-3-S-180                                    62.2                      47.0
4-3-S-20                                     60.4                      42.6
4-3-S-500                                    65.1                      47.2
4-3-S-53                                     75.4                      54.3
5-1-B-0-2                                   100.0                       6.3
5-1-B-1-2                                   100.0                       1.2
5-1-B-180                                     NaN                       0.0
5-1-B-20                                    100.0                      28.6
5-1-B-5                                     100.0                       2.6
5-1-B-500                                   100.0                      26.9
5-1-B-53                                      NaN                       0.0
5-1-S-0-2                                   100.0                      16.0
5-1-S-1-2                                    58.0                      43.1
5-1-S-180                                    68.8                      52.5
5-1-S-20                                     67.7                      45.4
5-1-S-5                                      62.5                      44.5
5-1-S-500                                    68.0                      49.9
5-1-S-53                                     75.6                      55.4
5-5-B-0-2                                    51.1                      36.3
5-5-B-1-2                                    62.8                      45.2
5-5-B-180                                    67.1                      45.7
5-5-B-5                                      67.6                      46.8
5-5-B-500                                    73.8                      55.4
5-5-B-53                                     78.5                      58.1
5-5-S-0-2                                    55.0                      41.7
5-5-S-1-2                                    55.7                      38.4
5-5-S-180                                    66.2                      48.0
5-5-S-20                                     69.3                      48.9
5-5-S-5                                      68.7                      49.4
5-5-S-500                                    62.8                      47.2
5-5-S-53                                     72.3                      47.8
generous-donor                               91.3                      69.9
Mock-Even                                    51.5                      37.5
Mock-Staggered                               49.6                      37.4
[1]     96 412003
[1]    96 73343
